0000
0200
0000
0000
0000
CAC0
0043
0000
0000
0000
0000
0000
0000
00FF
0000
0000
0000
1A7B
0042
0000
0000
F9C0
0014
0000
0000
8979
0041
0000
0000
0000
0000
0000
0000
0080
0000
0000
0000
F9F0
0014
0000
0000
0FE1
0042
0000
0000
4D68
0043
0000
0000
4D70
0043
0000
0000
F9F0
0014
0000
0000
A834
0041
0000
0000
0064
006C
006C
002C
0020
0000
0000
0000
00FF
0000
0000
0000
1460
00A0
0000
0000
FA20
0014
0000
0000
0DC9
0042
0000
0000
0009
0050
0061
0072
0069
0073
002C
0020
004D
0061
0064
0072
0069
0064
0000
0000
FA60
0014
0000
0000
4E65
0041
0000
0000
32C0
0059
0000
0000
FB48
0014
0000
0000
BA18
0043
0000
0000
7C95
0041
0000
0000
4D68
0043
0000
0000
4D70
0043
0000
0000
1430
00A0
0000
0000
BA08
0043
0000
0000
0020
0000
0000
0000
0030
0000
0000
0000
0000
0050
0061
0072
0069
0073
002C
0020
004D
0061
0064
0072
FAF8
0014
0000
0000
FCB0
0014
0000
0000
6F25
0041
0000
0000
4D68
0043
0000
0000
FBD8
0014
0000
0000
0000
0000
0000
0000
020F
0000
0000
0000
BA18
0043
0000
0000
7C95
0041
0000
0000
0000
0000
0000
0000
6F25
0041
0000
0000
1790
00A0
0000
0000
BA08
0043
0000
0000
FCB0
0014
0000
0000
0200
0000
0000
0000
0040
0000
0000
0000
6F25
0041
0000
0000
00FF
0000
0000
0000
1A7B
0042
0000
0000
0001
0000
0000
0000
1790
00A0
0000
0000
FCB0
0014
0000
0000
FC40
0014
0000
0000
CAC0
0043
0000
0000
0000
0000
0000
0000
0020
0000
0000
0000
0002
0000
0000
0000
1748
00A0
0000
0000
0010
0000
0000
0000
CAC0
0043
0000
0000
0000
0000
0000
0000
B628
0043
0000
0000
115C
0040
0000
0000
FBD0
0014
0000
0000
A7F9
0041
0000
0000
0002
0000
0000
0000
FC40
0014
0000
0000
FCB0
0014
0000
0000
FC40
0014
0000
0000
FC00
0014
0000
0000
A435
0041
0000
0000
FD00
0014
0000
0000
455D
0040
0000
0000
0000
0000
0000
0000
6F25
0041
0000
0000
FC40
0014
0000
0000
21EA
0041
0000
0000
0020
0000
0000
0000
0008
0000
0000
0000
FC60
0014
0000
0000
9ED4
0042
0000
0000
FC70
0014
0000
0000
1748
00A0
0000
0000
FC80
0014
0000
0000
0020
0000
0000
0000
0001
0000
0000
0000
1350
00A0
0000
0000
1748
00A0
0000
0000
0020
0000
0000
0000
B768
0043
0000
0000
115C
0040
0000
0000
FCD0
0014
0000
0000
337C
0041
0000
0000
0001
0000
0000
0000
0020
0000
0000
0000
FCD0
0014
0000
0000
51E4
0041
0000
0000
0000
0000
0000
0000
19E8
00A0
0000
0000
0001
0000
0000
0020
0000
0000
0000
2000
FD20
0014
0000
0000
2DB3
0041
0000
0000
FD20
0014
0000
0000
21EA
0041
0000
0000
FD20
0014
0000
0000
51C4
0041
0000
0000
1350
00A0
0000
0000
19E8
00A0
0000
0000
0020
0000
0000
0000
9EB4
0042
0000
0000
0020
0000
0000
0000
9EB4
0042
0000
0000
0020
0000
0000
0000
59E0
0041
0000
0000
FD70
0014
0000
0000
9500
0042
0000
0000
FD80
0014
0000
0000
0000
0000
0000
0000
000F
0000
0000
0000
100C
0040
0000
0000
FD00
0014
0000
0000
7D88
0042
0000
0000
0000
0000
0000
0000
000F
0000
0000
0000
FDC0
0014
0000
0000
F800
0040
0000
0000
0020
0000
0000
0000
0000
0000
0000
0000
000F
0000
0000
0000
5ADF
0041
0000
0000
FD00
0014
0000
0000
627E
0040
0000
0000
0000
0000
0000
0000
000F
0000
0000
0000
1054
0040
0000
0000
0000
0000
0000
0000
FE60
0014
0000
0000
0000
0000
0000
0000
000F
0000
0000
0000
0000
0000
0000
0000
0C00
0000
0000
0000
0FE0
0059
0000
0000
0000
0000
0000
0000
000F
0000
0000
0000
0000
0000
0000
0000
1000
0043
0000
0000
0000
0000
0000
0000
0000
0000
0000
0000
0000
0000
0000
0000
0000
0000
0000
0000
FF10
0014
0000
0000
9613
0042
0000
0000
0CA4
0000
0000
0000
0000
0000
0000
0000
FF10
0014
0000
0000
1000
0043
0000
0000
0000
0000
0000
0000
0000
0000
0000
0000
0000
0000
0000
0000
0000
0000
0000
0000
0000
0000
0000
0000
0000
0000
0000
0000
0000
0000
0000
0000
0000
0000
0000
0000
0000
0000
0000
0000
0000
0000
0000
0000
0000
0000
0000
0000
0000
0000
0000
0000
0000
0000
0000
0000
0000
0000
0000
0000
0000
0000
0000
0000
0000
0000
0000
0000
0000
0000
0000
0000
0000
0000
0000
0000
0000
0000
0000
0000
7344
20F2
7FF9
0000
0000
0000
0000
0000
0000
0000
0000
0000
0000
0000
0000
0000
0000
0000
0000
0000
0000
0000
0000
0000
26B1
21B0
7FF9
0000
0000
0000
0000
0000
0000
0000
0000
0000
0000
0000
0000
0000
0000
0000
0000
0000
0000
0000
0000
0000
0000
0000
0000
0000
0000
0000
0000
0000
0000
0000
0000
0000
0000
0000
0000
0000
0000
0000
0000
0000
FB30
FFFF
04E8
0000
FB30
FFFF
04D0
0000
0019
0000
0000
0000
0000
0000
0000
0000
0000
0000
0000
0000
0000
0000
0000
0000
0000
0000
0000
0000
0000
0000
0000
0000
0000
0000
0000
0000
0000
0000
0000
0000
6341
7874
0020
0000
0001
0000
3084
0000
00DC
0000
0000
0000
0020
0000
0000
0000
0014
0000
0001
0000
0007
0000
0034
0000
017C
0000
0001
0000
0000
0000
0000
0000
0000
0000
0000
0000
0000
0000
0002
0000
EF4E
1A26
0298
0000
0044
0000
02E0
0000
025C
0000
0000
0000
71BA
F332
053C
0000
004A
0000
0588
0000
0354
0000
0000
0000
495B
2D59
08DC
0000
0032
0000
0910
0000
030C
0000
0000
0000
EACD
32CE
0C1C
0000
0042
0000
0C60
0000
0342
0000
0000
0000
5FC8
3850
0FA4
0000
005E
0000
1004
0000
0374
0000
0000
0000
0544
B128
1378
0000
0056
0000
13D0
0000
03A4
0000
0010
0000
0009
0000
00EC
0000
0002
0000
0001
0000
017C
0000
1630
0000
0001
0000
0002
0000
17AC
0000
04B4
0000
0001
0000
0003
0000
1C60
0000
0E8C
0000
0001
0000
0004
0000
2AEC
0000
0314
0000
0002
0000
0005
0000
2E00
0000
0098
0000
0002
0000
0006
0000
2E98
0000
00CC
0000
0002
0000
0007
0000
2F64
0000
00F0
0000
0001
0000
0009
0000
3054
0000
0028
0000
0002
0000
000B
0000
307C
0000
0008
0000
0001
0000
7353
6448
002C
0000
0001
0000
0001
0000
0001
0000
0006
0000
008C
0000
0001
0000
15F8
0000
002C
0000
005E
0000
005E
0000
0000
0000
0000
0000
0000
0000
0000
0000
0000
0000
0000
0000
0000
0000
0000
0000
0000
0000
0002
0000
0024
0000
0038
0000
0000
0000
0043
003A
005C
0057
0069
006E
0064
006F
0077
0073
005C
0057
0069
006E
0053
0078
0073
005C
0000
0000
EF4E
1A26
011C
0000
0044
0000
0164
0000
025C
0000
0001
0000
71BA
F332
03C0
0000
004A
0000
040C
0000
0354
0000
0002
0000
495B
2D59
0760
0000
0032
0000
0794
0000
030C
0000
0003
0000
EACD
32CE
0AA0
0000
0042
0000
0AE4
0000
0342
0000
0004
0000
5FC8
3850
0E28
0000
005E
0000
0E88
0000
0374
0000
0005
0000
0544
B128
11FC
0000
0056
0000
1254
0000
03A4
0000
0006
0000
004D
0069
0063
0072
006F
0073
006F
0066
0074
002E
0057
0069
006E
0064
006F
0077
0073
002E
0053
0079
0073
0074
0065
006D
0043
006F
006D
0070
0061
0074
0069
0062
006C
0065
0000
0000
006C
0000
0001
0000
010A
0000
01D0
0000
0002
0000
002C
0000
02DA
0000
7CEE
798F
ACDD
01D5
0001
0000
0000
0000
0000
0000
0000
0000
0000
0000
0000
0000
0000
0000
0001
0000
0000
0000
0000
0000
0000
0000
00B6
0000
0308
0000
0000
0000
0000
0000
0000
0000
0000
0000
0000
0000
004D
0069
0063
0072
006F
0073
006F
0066
0074
002E
0057
0069
006E
0064
006F
0077
0073
002E
0053
0079
0073
0074
0065
006D
0043
006F
006D
0070
0061
0074
0069
0062
006C
0065
002C
0070
0072
006F
0063
0065
0073
0073
006F
0072
0041
0072
0063
0068
0069
0074
0065
0063
0074
0075
0072
0065
003D
0022
0061
006D
0064
0036
0034
0022
002C
0070
0075
0062
006C
0069
0063
004B
0065
0079
0054
006F
006B
0065
006E
003D
0022
0036
0035
0039
0035
0062
0036
0034
0031
0034
0034
0063
0063
0066
0031
0064
0066
0022
002C
0074
0079
0070
0065
003D
0022
0077
0069
006E
0033
0032
0022
002C
0076
0065
0072
0073
0069
006F
006E
003D
0022
0036
002E
0030
002E
0031
0039
0030
0034
0031
002E
0031
0022
0053
0079
0073
0074
0065
006D
0020
0044
0065
0066
0061
0075
006C
0074
0020
0043
006F
006E
0074
0065
0078
0074
0000
0061
006D
0064
0036
0034
005F
006D
0069
0063
0072
006F
0073
006F
0066
0074
002E
0077
0069
006E
0064
006F
0077
0073
002E
0073
0079
0073
0074
0065
006D
0063
006F
006D
0070
0061
0074
0069
0062
006C
0065
005F
0036
0035
0039
0035
0062
0036
0034
0031
0034
0034
0063
0063
0066
0031
0064
0066
005F
0036
002E
0030
002E
0031
0039
0030
0034
0031
002E
0031
005F
006E
006F
006E
0065
005F
0062
0063
0066
0032
0032
0037
0030
0031
0030
0033
0031
0062
0063
0062
0066
0033
0000
004D
0069
0063
0072
006F
0073
006F
0066
0074
002E
0057
0069
006E
0064
006F
0077
0073
002E
0049
0073
006F
006C
0061
0074
0069
006F
006E
0041
0075
0074
006F
006D
0061
0074
0069
006F
006E
0000
006C
0000
0000
0000
0116
0000
0478
0000
0002
0000
010C
0000
058E
0000
CF91
293B
17A2
01DA
0001
0000
0000
0000
0000
0000
0000
0000
0000
0000
0000
0000
0000
0000
0001
0000
0000
0000
0000
0000
0000
0000
00C2
0000
069C
0000
0000
0000
0000
0000
0000
0000
0000
0000
0000
0000
004D
0069
0063
0072
006F
0073
006F
0066
0074
002E
0057
0069
006E
0064
006F
0077
0073
002E
0049
0073
006F
006C
0061
0074
0069
006F
006E
0041
0075
0074
006F
006D
0061
0074
0069
006F
006E
002C
0070
0072
006F
0063
0065
0073
0073
006F
0072
0041
0072
0063
0068
0069
0074
0065
0063
0074
0075
0072
0065
003D
0022
0061
006D
0064
0036
0034
0022
002C
0070
0075
0062
006C
0069
0063
004B
0065
0079
0054
006F
006B
0065
006E
003D
0022
0036
0035
0039
0035
0062
0036
0034
0031
0034
0034
0063
0063
0066
0031
0064
0066
0022
002C
0074
0079
0070
0065
003D
0022
0077
0069
006E
0033
0032
0022
002C
0076
0065
0072
0073
0069
006F
006E
003D
0022
0031
002E
0030
002E
0031
0039
0030
0034
0031
002E
0033
0036
0033
0036
0022
0043
003A
005C
0057
0069
006E
0064
006F
0077
0073
005C
0057
0069
006E
0053
0078
0053
005C
006D
0061
006E
0069
0066
0065
0073
0074
0073
005C
0061
006D
0064
0036
0034
005F
006D
0069
0063
0072
006F
0073
006F
0066
0074
002E
0077
0069
006E
0064
006F
0077
0073
002E
0069
0073
006F
006C
0061
0074
0069
006F
006E
0061
0075
0074
006F
006D
0061
0074
0069
006F
006E
005F
0036
0035
0039
0035
0062
0036
0034
0031
0034
0034
0063
0063
0066
0031
0064
0066
005F
0031
002E
0030
002E
0031
0039
0030
0034
0031
002E
0033
0036
0033
0036
005F
006E
006F
006E
0065
005F
0031
0032
0034
0032
0034
0066
0062
0064
0061
0030
0034
0031
0037
0034
0066
0064
002E
006D
0061
006E
0069
0066
0065
0073
0074
0000
0061
006D
0064
0036
0034
005F
006D
0069
0063
0072
006F
0073
006F
0066
0074
002E
0077
0069
006E
0064
006F
0077
0073
002E
0069
0073
006F
006C
0061
0074
0069
006F
006E
0061
0075
0074
006F
006D
0061
0074
0069
006F
006E
005F
0036
0035
0039
0035
0062
0036
0034
0031
0034
0034
0063
0063
0066
0031
0064
0066
005F
0031
002E
0030
002E
0031
0039
0030
0034
0031
002E
0033
0036
0033
0036
005F
006E
006F
006E
0065
005F
0031
0032
0034
0032
0034
0066
0062
0064
0061
0030
0034
0031
0037
0034
0066
0064
0000
004D
0069
0063
0072
006F
0073
006F
0066
0074
002E
0057
0069
006E
0064
006F
0077
0073
002E
0047
0064
0069
0050
006C
0075
0073
0000
006C
0000
0000
0000
00FE
0000
0800
0000
0002
0000
00F4
0000
08FE
0000
EF6F
BC26
6952
01DA
0001
0000
0000
0000
0000
0000
0000
0000
0000
0000
0000
0000
0000
0000
0001
0000
0000
0000
0000
0000
0000
0000
00AA
0000
09F4
0000
0000
0000
0000
0000
0000
0000
0000
0000
0000
0000
004D
0069
0063
0072
006F
0073
006F
0066
0074
002E
0057
0069
006E
0064
006F
0077
0073
002E
0047
0064
0069
0050
006C
0075
0073
002C
0070
0072
006F
0063
0065
0073
0073
006F
0072
0041
0072
0063
0068
0069
0074
0065
0063
0074
0075
0072
0065
003D
0022
0061
006D
0064
0036
0034
0022
002C
0070
0075
0062
006C
0069
0063
004B
0065
0079
0054
006F
006B
0065
006E
003D
0022
0036
0035
0039
0035
0062
0036
0034
0031
0034
0034
0063
0063
0066
0031
0064
0066
0022
002C
0074
0079
0070
0065
003D
0022
0077
0069
006E
0033
0032
0022
002C
0076
0065
0072
0073
0069
006F
006E
003D
0022
0031
002E
0031
002E
0031
0039
0030
0034
0031
002E
0033
0039
0039
0036
0022
0043
003A
005C
0057
0069
006E
0064
006F
0077
0073
005C
0057
0069
006E
0053
0078
0053
005C
006D
0061
006E
0069
0066
0065
0073
0074
0073
005C
0061
006D
0064
0036
0034
005F
006D
0069
0063
0072
006F
0073
006F
0066
0074
002E
0077
0069
006E
0064
006F
0077
0073
002E
0067
0064
0069
0070
006C
0075
0073
005F
0036
0035
0039
0035
0062
0036
0034
0031
0034
0034
0063
0063
0066
0031
0064
0066
005F
0031
002E
0031
002E
0031
0039
0030
0034
0031
002E
0033
0039
0039
0036
005F
006E
006F
006E
0065
005F
0039
0031
0061
0037
0039
0034
0037
0032
0063
0063
0038
0035
0032
0062
0061
0030
002E
006D
0061
006E
0069
0066
0065
0073
0074
0000
0061
006D
0064
0036
0034
005F
006D
0069
0063
0072
006F
0073
006F
0066
0074
002E
0077
0069
006E
0064
006F
0077
0073
002E
0067
0064
0069
0070
006C
0075
0073
005F
0036
0035
0039
0035
0062
0036
0034
0031
0034
0034
0063
0063
0066
0031
0064
0066
005F
0031
002E
0031
002E
0031
0039
0030
0034
0031
002E
0033
0039
0039
0036
005F
006E
006F
006E
0065
005F
0039
0031
0061
0037
0039
0034
0037
0032
0063
0063
0038
0035
0032
0062
0061
0030
0000
004D
0069
0063
0072
006F
0073
006F
0066
0074
002E
0057
0069
006E
0064
006F
0077
0073
002E
0043
006F
006D
006D
006F
006E
002D
0043
006F
006E
0074
0072
006F
006C
0073
0000
006C
0000
0000
0000
0110
0000
0B50
0000
0002
0000
0106
0000
0C60
0000
81C2
2718
17A2
01DA
0001
0000
0000
0000
0000
0000
0000
0000
0000
0000
0000
0000
0000
0000
0001
0000
0000
0000
0000
0000
0000
0000
00BC
0000
0D68
0000
0000
0000
0000
0000
0000
0000
0000
0000
0000
0000
004D
0069
0063
0072
006F
0073
006F
0066
0074
002E
0057
0069
006E
0064
006F
0077
0073
002E
0043
006F
006D
006D
006F
006E
002D
0043
006F
006E
0074
0072
006F
006C
0073
002C
0070
0072
006F
0063
0065
0073
0073
006F
0072
0041
0072
0063
0068
0069
0074
0065
0063
0074
0075
0072
0065
003D
0022
0061
006D
0064
0036
0034
0022
002C
0070
0075
0062
006C
0069
0063
004B
0065
0079
0054
006F
006B
0065
006E
003D
0022
0036
0035
0039
0035
0062
0036
0034
0031
0034
0034
0063
0063
0066
0031
0064
0066
0022
002C
0074
0079
0070
0065
003D
0022
0077
0069
006E
0033
0032
0022
002C
0076
0065
0072
0073
0069
006F
006E
003D
0022
0035
002E
0038
0032
002E
0031
0039
0030
0034
0031
002E
0033
0036
0033
0036
0022
0043
003A
005C
0057
0069
006E
0064
006F
0077
0073
005C
0057
0069
006E
0053
0078
0053
005C
006D
0061
006E
0069
0066
0065
0073
0074
0073
005C
0061
006D
0064
0036
0034
005F
006D
0069
0063
0072
006F
0073
006F
0066
0074
002E
0077
0069
006E
0064
006F
0077
0073
002E
0063
006F
006D
006D
006F
006E
002D
0063
006F
006E
0074
0072
006F
006C
0073
005F
0036
0035
0039
0035
0062
0036
0034
0031
0034
0034
0063
0063
0066
0031
0064
0066
005F
0035
002E
0038
0032
002E
0031
0039
0030
0034
0031
002E
0033
0036
0033
0036
005F
006E
006F
006E
0065
005F
0037
0039
0033
0031
0066
0062
0037
0035
0032
0034
0033
0066
0039
0037
0063
0038
002E
006D
0061
006E
0069
0066
0065
0073
0074
0000
0061
006D
0064
0036
0034
005F
006D
0069
0063
0072
006F
0073
006F
0066
0074
002E
0077
0069
006E
0064
006F
0077
0073
002E
0063
006F
006D
006D
006F
006E
002D
0063
006F
006E
0074
0072
006F
006C
0073
005F
0036
0035
0039
0035
0062
0036
0034
0031
0034
0034
0063
0063
0066
0031
0064
0066
005F
0035
002E
0038
0032
002E
0031
0039
0030
0034
0031
002E
0033
0036
0033
0036
005F
006E
006F
006E
0065
005F
0037
0039
0033
0031
0066
0062
0037
0035
0032
0034
0033
0066
0039
0037
0063
0038
0000
0000
004D
0069
0063
0072
006F
0073
006F
0066
0074
002E
0057
0069
006E
0064
006F
0077
0073
002E
0049
0073
006F
006C
0061
0074
0069
006F
006E
0041
0075
0074
006F
006D
0061
0074
0069
006F
006E
002E
0050
0072
006F
0078
0079
0053
0074
0075
0062
0000
006C
0000
0000
0000
012A
0000
0EF4
0000
0002
0000
0112
0000
101E
0000
1D81
293C
17A2
01DA
0001
0000
0000
0000
0000
0000
0000
0000
0000
0000
0000
0000
0000
0000
0001
0000
0000
0000
0000
0000
0000
0000
00C8
0000
1132
0000
0000
0000
0000
0000
0000
0000
0000
0000
0000
0000
004D
0069
0063
0072
006F
0073
006F
0066
0074
002E
0057
0069
006E
0064
006F
0077
0073
002E
0049
0073
006F
006C
0061
0074
0069
006F
006E
0041
0075
0074
006F
006D
0061
0074
0069
006F
006E
002E
0050
0072
006F
0078
0079
0053
0074
0075
0062
002C
0070
0072
006F
0063
0065
0073
0073
006F
0072
0041
0072
0063
0068
0069
0074
0065
0063
0074
0075
0072
0065
003D
0022
0061
006D
0064
0036
0034
0022
002C
0070
0075
0062
006C
0069
0063
004B
0065
0079
0054
006F
006B
0065
006E
003D
0022
0036
0035
0039
0035
0062
0036
0034
0031
0034
0034
0063
0063
0066
0031
0064
0066
0022
002C
0074
0079
0070
0065
003D
0022
0077
0069
006E
0033
0032
0022
002C
0076
0065
0072
0073
0069
006F
006E
003D
0022
0031
002E
0030
002E
0031
0039
0030
0034
0031
002E
0033
0036
0033
0036
0022
0043
003A
005C
0057
0069
006E
0064
006F
0077
0073
005C
0057
0069
006E
0053
0078
0053
005C
006D
0061
006E
0069
0066
0065
0073
0074
0073
005C
0061
006D
0064
0036
0034
005F
006D
0069
0063
0072
006F
0073
006F
0066
0074
002E
0077
0069
006E
0064
006F
0077
0073
002E
0069
002E
002E
0075
0074
006F
006D
0061
0074
0069
006F
006E
002E
0070
0072
006F
0078
0079
0073
0074
0075
0062
005F
0036
0035
0039
0035
0062
0036
0034
0031
0034
0034
0063
0063
0066
0031
0064
0066
005F
0031
002E
0030
002E
0031
0039
0030
0034
0031
002E
0033
0036
0033
0036
005F
006E
006F
006E
0065
005F
0062
0062
0062
0039
0061
0030
0066
0030
0066
0066
0034
0062
0038
0066
0031
0031
002E
006D
0061
006E
0069
0066
0065
0073
0074
0000
0061
006D
0064
0036
0034
005F
006D
0069
0063
0072
006F
0073
006F
0066
0074
002E
0077
0069
006E
0064
006F
0077
0073
002E
0069
002E
002E
0075
0074
006F
006D
0061
0074
0069
006F
006E
002E
0070
0072
006F
0078
0079
0073
0074
0075
0062
005F
0036
0035
0039
0035
0062
0036
0034
0031
0034
0034
0063
0063
0066
0031
0064
0066
005F
0031
002E
0030
002E
0031
0039
0030
0034
0031
002E
0033
0036
0033
0036
005F
006E
006F
006E
0065
005F
0062
0062
0062
0039
0061
0030
0066
0030
0066
0066
0034
0062
0038
0066
0031
0031
0000
004D
0069
0063
0072
006F
0073
006F
0066
0074
002E
0057
0069
006E
0064
006F
0077
0073
002E
0043
006F
006D
006D
006F
006E
002D
0043
006F
006E
0074
0072
006F
006C
0073
002E
0052
0065
0073
006F
0075
0072
0063
0065
0073
0000
006C
0000
0000
0000
0146
0000
12C0
0000
0002
0000
0116
0000
1406
0000
D068
2750
17A2
01DA
0001
0000
0000
0000
0000
0000
0000
0000
0000
0000
0000
0000
0000
0000
0001
0000
0000
0000
0000
0000
0000
0000
00CC
0000
151E
0000
0000
0000
000A
0000
15EC
0000
0000
0000
0000
0000
004D
0069
0063
0072
006F
0073
006F
0066
0074
002E
0057
0069
006E
0064
006F
0077
0073
002E
0043
006F
006D
006D
006F
006E
002D
0043
006F
006E
0074
0072
006F
006C
0073
002E
0052
0065
0073
006F
0075
0072
0063
0065
0073
002C
006C
0061
006E
0067
0075
0061
0067
0065
003D
0022
0066
0072
002D
0046
0052
0022
002C
0070
0072
006F
0063
0065
0073
0073
006F
0072
0041
0072
0063
0068
0069
0074
0065
0063
0074
0075
0072
0065
003D
0022
0061
006D
0064
0036
0034
0022
002C
0070
0075
0062
006C
0069
0063
004B
0065
0079
0054
006F
006B
0065
006E
003D
0022
0036
0035
0039
0035
0062
0036
0034
0031
0034
0034
0063
0063
0066
0031
0064
0066
0022
002C
0074
0079
0070
0065
003D
0022
0077
0069
006E
0033
0032
0022
002C
0076
0065
0072
0073
0069
006F
006E
003D
0022
0035
002E
0038
0032
002E
0031
0039
0030
0034
0031
002E
0033
0036
0033
0036
0022
0043
003A
005C
0057
0069
006E
0064
006F
0077
0073
005C
0057
0069
006E
0053
0078
0053
005C
006D
0061
006E
0069
0066
0065
0073
0074
0073
005C
0061
006D
0064
0036
0034
005F
006D
0069
0063
0072
006F
0073
006F
0066
0074
002E
0077
0069
006E
0064
006F
0077
0073
002E
0063
002E
002E
002D
0063
006F
006E
0074
0072
006F
006C
0073
002E
0072
0065
0073
006F
0075
0072
0063
0065
0073
005F
0036
0035
0039
0035
0062
0036
0034
0031
0034
0034
0063
0063
0066
0031
0064
0066
005F
0035
002E
0038
0032
002E
0031
0039
0030
0034
0031
002E
0033
0036
0033
0036
005F
0066
0072
002D
0066
0072
005F
0033
0031
0063
0030
0031
0037
0033
0064
0034
0033
0064
0065
0064
0031
0062
0063
002E
006D
0061
006E
0069
0066
0065
0073
0074
0000
0061
006D
0064
0036
0034
005F
006D
0069
0063
0072
006F
0073
006F
0066
0074
002E
0077
0069
006E
0064
006F
0077
0073
002E
0063
002E
002E
002D
0063
006F
006E
0074
0072
006F
006C
0073
002E
0072
0065
0073
006F
0075
0072
0063
0065
0073
005F
0036
0035
0039
0035
0062
0036
0034
0031
0034
0034
0063
0063
0066
0031
0064
0066
005F
0035
002E
0038
0032
002E
0031
0039
0030
0034
0031
002E
0033
0036
0033
0036
005F
0066
0072
002D
0066
0072
005F
0033
0031
0063
0030
0031
0037
0033
0064
0034
0033
0064
0065
0064
0031
0062
0063
0000
0066
0072
002D
0046
0052
0000
0003
0000
1600
0000
0001
0000
1618
0000
0002
0000
161C
0000
0003
0000
1624
0000
008C
0000
00A4
0000
00BC
0000
00D4
0000
00EC
0000
0104
0000
7353
6448
002C
0000
0001
0000
0001
0000
0001
0000
000C
0000
002C
0000
0001
0000
0464
0000
0000
0000
0000
0000
DD16
8410
014C
0000
0012
0000
0160
0000
0014
0000
0002
0000
DB66
E07F
0174
0000
003A
0000
01B0
0000
0014
0000
0002
0000
EA9C
2C6A
01C4
0000
0016
0000
01DC
0000
0014
0000
0003
0000
C0EC
6C9F
01F0
0000
003E
0000
0230
0000
0014
0000
0003
0000
BC4F
F1C4
0244
0000
0018
0000
0260
0000
0014
0000
0004
0000
79FF
9515
0274
0000
0040
0000
02B8
0000
0014
0000
0004
0000
4E19
CF95
02CC
0000
0016
0000
02E4
0000
0014
0000
0005
0000
2469
0FCA
02F8
0000
003E
0000
0338
0000
0014
0000
0005
0000
461F
D776
034C
0000
0016
0000
0364
0000
0014
0000
0005
0000
1C6F
17AB
0378
0000
003E
0000
03B8
0000
0014
0000
0005
0000
4EA2
BBF3
03CC
0000
0020
0000
03F0
0000
0014
0000
0006
0000
5C52
43E8
0404
0000
0048
0000
0450
0000
0014
0000
0006
0000
0073
0078
0073
006F
0061
002E
0064
006C
006C
0000
0014
0000
0002
0000
0000
0000
0000
0000
0000
0000
0043
003A
005C
0057
0069
006E
0064
006F
0077
0073
005C
0073
0079
0073
0074
0065
006D
0033
0032
005C
0073
0078
0073
006F
0061
002E
0064
006C
006C
0000
0014
0000
000A
0000
0000
0000
0000
0000
0000
0000
0047
0064
0069
0050
006C
0075
0073
002E
0064
006C
006C
0000
0014
0000
0002
0000
0000
0000
0000
0000
0000
0000
0043
003A
005C
0057
0069
006E
0064
006F
0077
0073
005C
0073
0079
0073
0074
0065
006D
0033
0032
005C
0047
0064
0069
0050
006C
0075
0073
002E
0064
006C
006C
0000
0014
0000
000A
0000
0000
0000
0000
0000
0000
0000
0063
006F
006D
0063
0074
006C
0033
0032
002E
0064
006C
006C
0000
0000
0014
0000
0002
0000
0000
0000
0000
0000
0000
0000
0043
003A
005C
0057
0069
006E
0064
006F
0077
0073
005C
0073
0079
0073
0074
0065
006D
0033
0032
005C
0063
006F
006D
0063
0074
006C
0033
0032
002E
0064
006C
006C
0000
0000
0014
0000
000A
0000
0000
0000
0000
0000
0000
0000
0073
0078
0073
006F
0061
0070
0073
002E
0064
006C
006C
0000
0014
0000
0002
0000
0000
0000
0000
0000
0000
0000
0043
003A
005C
0057
0069
006E
0064
006F
0077
0073
005C
0073
0079
0073
0074
0065
006D
0033
0032
005C
0073
0078
0073
006F
0061
0070
0073
002E
0064
006C
006C
0000
0014
0000
000A
0000
0000
0000
0000
0000
0000
0000
0073
0078
0073
006F
0061
0070
0073
002E
0074
006C
0062
0000
0014
0000
0002
0000
0000
0000
0000
0000
0000
0000
0043
003A
005C
0057
0069
006E
0064
006F
0077
0073
005C
0073
0079
0073
0074
0065
006D
0033
0032
005C
0073
0078
0073
006F
0061
0070
0073
002E
0074
006C
0062
0000
0014
0000
000A
0000
0000
0000
0000
0000
0000
0000
0063
006F
006D
0063
0074
006C
0033
0032
002E
0064
006C
006C
002E
006D
0075
0069
0000
0000
0014
0000
0002
0000
0000
0000
0000
0000
0000
0000
0043
003A
005C
0057
0069
006E
0064
006F
0077
0073
005C
0073
0079
0073
0074
0065
006D
0033
0032
005C
0063
006F
006D
0063
0074
006C
0033
0032
002E
0064
006C
006C
002E
006D
0075
0069
0000
0000
0014
0000
000A
0000
0000
0000
0000
0000
0000
0000
0003
0000
046C
0000
0005
0000
0484
0000
0003
0000
0498
0000
0004
0000
04A4
0000
0044
0000
005C
0000
00A4
0000
00BC
0000
0104
0000
002C
0000
00D4
0000
011C
0000
0074
0000
008C
0000
00EC
0000
0134
0000
7353
6448
002C
0000
0001
0000
0001
0000
0001
0000
001B
0000
002C
0000
0001
0000
0DC0
0000
0000
0000
0000
0000
2D0A
C220
02B4
0000
001E
0000
02D4
0000
0052
0000
0004
0000
E28F
4B72
0328
0000
0018
0000
0344
0000
004C
0000
0004
0000
2348
BF8E
0390
0000
0022
0000
03B4
0000
0056
0000
0004
0000
F6FD
6DC3
040C
0000
001E
0000
042C
0000
0052
0000
0004
0000
0F6D
EACB
0480
0000
0022
0000
04A4
0000
0056
0000
0004
0000
96D2
62B7
04FC
0000
001E
0000
051C
0000
0052
0000
0004
0000
5CFF
2A61
0570
0000
0024
0000
0598
0000
0058
0000
0004
0000
3E59
5191
05F0
0000
0016
0000
0608
0000
004A
0000
0004
0000
204F
A5DE
0654
0000
001A
0000
0670
0000
004E
0000
0004
0000
2E4F
2500
06C0
0000
001A
0000
06DC
0000
004E
0000
0004
0000
A734
BE68
072C
0000
001E
0000
074C
0000
0052
0000
0004
0000
B65F
9CD5
07A0
0000
001C
0000
07C0
0000
0050
0000
0004
0000
2216
B161
0810
0000
0010
0000
0824
0000
0044
0000
0004
0000
7655
3EC7
0868
0000
001A
0000
0884
0000
004E
0000
0004
0000
4652
B2D5
08D4
0000
000C
0000
08E4
0000
0040
0000
0004
0000
DCCE
73D3
0924
0000
000C
0000
0934
0000
0040
0000
0004
0000
E84D
5214
0974
0000
000E
0000
0984
0000
0042
0000
0004
0000
C3A6
AB5F
09C8
0000
0012
0000
09DC
0000
0046
0000
0004
0000
E2C8
8461
0A24
0000
0020
0000
0A48
0000
0054
0000
0004
0000
117B
1645
0A9C
0000
001A
0000
0AB8
0000
004E
0000
0004
0000
81D3
1623
0B08
0000
0018
0000
0B24
0000
004C
0000
0004
0000
64DA
8CF9
0B70
0000
001A
0000
0B8C
0000
004E
0000
0004
0000
02A8
321E
0BDC
0000
0022
0000
0C00
0000
0056
0000
0004
0000
060F
F4E8
0C58
0000
001A
0000
0C74
0000
004E
0000
0004
0000
740A
AC1B
0CC4
0000
0008
0000
0CD0
0000
003C
0000
0004
0000
5AFD
6F94
0D0C
0000
0010
0000
0D20
0000
0044
0000
0004
0000
C04D
9B53
0D64
0000
0012
0000
0D78
0000
0046
0000
0004
0000
0054
006F
006F
006C
0062
0061
0072
0057
0069
006E
0064
006F
0077
0033
0032
0000
0018
0000
0000
0000
001E
0000
0018
0000
0018
0000
030C
0000
0054
006F
006F
006C
0062
0061
0072
0057
0069
006E
0064
006F
0077
0033
0032
0000
0063
006F
006D
0063
0074
006C
0033
0032
002E
0064
006C
006C
0000
0000
0043
006F
006D
0062
006F
0042
006F
0078
0045
0078
0033
0032
0000
0000
0018
0000
0000
0000
0018
0000
0018
0000
0018
0000
0376
0000
0043
006F
006D
0062
006F
0042
006F
0078
0045
0078
0033
0032
0000
0063
006F
006D
0063
0074
006C
0033
0032
002E
0064
006C
006C
0000
006D
0073
0063
0074
006C
0073
005F
0074
0072
0061
0063
006B
0062
0061
0072
0033
0032
0000
0018
0000
0000
0000
0022
0000
0018
0000
0018
0000
03F0
0000
006D
0073
0063
0074
006C
0073
005F
0074
0072
0061
0063
006B
0062
0061
0072
0033
0032
0000
0063
006F
006D
0063
0074
006C
0033
0032
002E
0064
006C
006C
0000
0000
006D
0073
0063
0074
006C
0073
005F
0075
0070
0064
006F
0077
006E
0033
0032
0000
0018
0000
0000
0000
001E
0000
0018
0000
0018
0000
0464
0000
006D
0073
0063
0074
006C
0073
005F
0075
0070
0064
006F
0077
006E
0033
0032
0000
0063
006F
006D
0063
0074
006C
0033
0032
002E
0064
006C
006C
0000
0000
006D
0073
0063
0074
006C
0073
005F
0070
0072
006F
0067
0072
0065
0073
0073
0033
0032
0000
0018
0000
0000
0000
0022
0000
0018
0000
0018
0000
04E0
0000
006D
0073
0063
0074
006C
0073
005F
0070
0072
006F
0067
0072
0065
0073
0073
0033
0032
0000
0063
006F
006D
0063
0074
006C
0033
0032
002E
0064
006C
006C
0000
0000
006D
0073
0063
0074
006C
0073
005F
0068
006F
0074
006B
0065
0079
0033
0032
0000
0018
0000
0000
0000
001E
0000
0018
0000
0018
0000
0554
0000
006D
0073
0063
0074
006C
0073
005F
0068
006F
0074
006B
0065
0079
0033
0032
0000
0063
006F
006D
0063
0074
006C
0033
0032
002E
0064
006C
006C
0000
0000
006D
0073
0063
0074
006C
0073
005F
0073
0074
0061
0074
0075
0073
0062
0061
0072
0033
0032
0000
0000
0018
0000
0000
0000
0024
0000
0018
0000
0018
0000
05D6
0000
006D
0073
0063
0074
006C
0073
005F
0073
0074
0061
0074
0075
0073
0062
0061
0072
0033
0032
0000
0063
006F
006D
0063
0074
006C
0033
0032
002E
0064
006C
006C
0000
0053
0079
0073
0048
0065
0061
0064
0065
0072
0033
0032
0000
0018
0000
0000
0000
0016
0000
0018
0000
0018
0000
0638
0000
0053
0079
0073
0048
0065
0061
0064
0065
0072
0033
0032
0000
0063
006F
006D
0063
0074
006C
0033
0032
002E
0064
006C
006C
0000
0000
0053
0079
0073
004C
0069
0073
0074
0056
0069
0065
0077
0033
0032
0000
0018
0000
0000
0000
001A
0000
0018
0000
0018
0000
06A4
0000
0053
0079
0073
004C
0069
0073
0074
0056
0069
0065
0077
0033
0032
0000
0063
006F
006D
0063
0074
006C
0033
0032
002E
0064
006C
006C
0000
0000
0053
0079
0073
0054
0072
0065
0065
0056
0069
0065
0077
0033
0032
0000
0018
0000
0000
0000
001A
0000
0018
0000
0018
0000
0710
0000
0053
0079
0073
0054
0072
0065
0065
0056
0069
0065
0077
0033
0032
0000
0063
006F
006D
0063
0074
006C
0033
0032
002E
0064
006C
006C
0000
0000
0053
0079
0073
0054
0061
0062
0043
006F
006E
0074
0072
006F
006C
0033
0032
0000
0018
0000
0000
0000
001E
0000
0018
0000
0018
0000
0784
0000
0053
0079
0073
0054
0061
0062
0043
006F
006E
0074
0072
006F
006C
0033
0032
0000
0063
006F
006D
0063
0074
006C
0033
0032
002E
0064
006C
006C
0000
0000
0053
0079
0073
0049
0050
0041
0064
0064
0072
0065
0073
0073
0033
0032
0000
0000
0018
0000
0000
0000
001C
0000
0018
0000
0018
0000
07F6
0000
0053
0079
0073
0049
0050
0041
0064
0064
0072
0065
0073
0073
0033
0032
0000
0063
006F
006D
0063
0074
006C
0033
0032
002E
0064
006C
006C
0000
0053
0079
0073
0050
0061
0067
0065
0072
0000
0000
0018
0000
0000
0000
0010
0000
0018
0000
0018
0000
084E
0000
0053
0079
0073
0050
0061
0067
0065
0072
0000
0063
006F
006D
0063
0074
006C
0033
0032
002E
0064
006C
006C
0000
004E
0061
0074
0069
0076
0065
0046
006F
006E
0074
0043
0074
006C
0000
0018
0000
0000
0000
001A
0000
0018
0000
0018
0000
08B8
0000
004E
0061
0074
0069
0076
0065
0046
006F
006E
0074
0043
0074
006C
0000
0063
006F
006D
0063
0074
006C
0033
0032
002E
0064
006C
006C
0000
0000
0042
0075
0074
0074
006F
006E
0000
0000
0018
0000
0000
0000
000C
0000
0018
0000
0018
0000
090A
0000
0042
0075
0074
0074
006F
006E
0000
0063
006F
006D
0063
0074
006C
0033
0032
002E
0064
006C
006C
0000
0053
0074
0061
0074
0069
0063
0000
0000
0018
0000
0000
0000
000C
0000
0018
0000
0018
0000
095A
0000
0053
0074
0061
0074
0069
0063
0000
0063
006F
006D
0063
0074
006C
0033
0032
002E
0064
006C
006C
0000
004C
0069
0073
0074
0062
006F
0078
0000
0018
0000
0000
0000
000E
0000
0018
0000
0018
0000
09AC
0000
004C
0069
0073
0074
0062
006F
0078
0000
0063
006F
006D
0063
0074
006C
0033
0032
002E
0064
006C
006C
0000
0000
0053
0063
0072
006F
006C
006C
0042
0061
0072
0000
0018
0000
0000
0000
0012
0000
0018
0000
0018
0000
0A08
0000
0053
0063
0072
006F
006C
006C
0042
0061
0072
0000
0063
006F
006D
0063
0074
006C
0033
0032
002E
0064
006C
006C
0000
0000
0074
006F
006F
006C
0074
0069
0070
0073
005F
0063
006C
0061
0073
0073
0033
0032
0000
0000
0018
0000
0000
0000
0020
0000
0018
0000
0018
0000
0A82
0000
0074
006F
006F
006C
0074
0069
0070
0073
005F
0063
006C
0061
0073
0073
0033
0032
0000
0063
006F
006D
0063
0074
006C
0033
0032
002E
0064
006C
006C
0000
0042
0075
0074
0074
006F
006E
004C
0069
0073
0074
0042
006F
0078
0000
0018
0000
0000
0000
001A
0000
0018
0000
0018
0000
0AEC
0000
0042
0075
0074
0074
006F
006E
004C
0069
0073
0074
0042
006F
0078
0000
0063
006F
006D
0063
0074
006C
0033
0032
002E
0064
006C
006C
0000
0000
0053
0079
0073
0041
006E
0069
006D
0061
0074
0065
0033
0032
0000
0000
0018
0000
0000
0000
0018
0000
0018
0000
0018
0000
0B56
0000
0053
0079
0073
0041
006E
0069
006D
0061
0074
0065
0033
0032
0000
0063
006F
006D
0063
0074
006C
0033
0032
002E
0064
006C
006C
0000
0053
0079
0073
004D
006F
006E
0074
0068
0043
0061
006C
0033
0032
0000
0018
0000
0000
0000
001A
0000
0018
0000
0018
0000
0BC0
0000
0053
0079
0073
004D
006F
006E
0074
0068
0043
0061
006C
0033
0032
0000
0063
006F
006D
0063
0074
006C
0033
0032
002E
0064
006C
006C
0000
0000
0053
0079
0073
0044
0061
0074
0065
0054
0069
006D
0065
0050
0069
0063
006B
0033
0032
0000
0018
0000
0000
0000
0022
0000
0018
0000
0018
0000
0C3C
0000
0053
0079
0073
0044
0061
0074
0065
0054
0069
006D
0065
0050
0069
0063
006B
0033
0032
0000
0063
006F
006D
0063
0074
006C
0033
0032
002E
0064
006C
006C
0000
0000
0052
0065
0042
0061
0072
0057
0069
006E
0064
006F
0077
0033
0032
0000
0018
0000
0000
0000
001A
0000
0018
0000
0018
0000
0CA8
0000
0052
0065
0042
0061
0072
0057
0069
006E
0064
006F
0077
0033
0032
0000
0063
006F
006D
0063
0074
006C
0033
0032
002E
0064
006C
006C
0000
0000
0045
0064
0069
0074
0000
0000
0018
0000
0000
0000
0008
0000
0018
0000
0018
0000
0CF2
0000
0045
0064
0069
0074
0000
0063
006F
006D
0063
0074
006C
0033
0032
002E
0064
006C
006C
0000
0043
006F
006D
0062
006F
0062
006F
0078
0000
0000
0018
0000
0000
0000
0010
0000
0018
0000
0018
0000
0D4A
0000
0043
006F
006D
0062
006F
0062
006F
0078
0000
0063
006F
006D
0063
0074
006C
0033
0032
002E
0064
006C
006C
0000
0043
006F
006D
0062
006F
004C
0042
006F
0078
0000
0018
0000
0000
0000
0012
0000
0018
0000
0018
0000
0DA4
0000
0043
006F
006D
0062
006F
004C
0042
006F
0078
0000
0063
006F
006D
0063
0074
006C
0033
0032
002E
0064
006C
006C
0000
0000
000B
0000
0DC8
0000
0002
0000
0E20
0000
0004
0000
0E28
0000
0002
0000
0E38
0000
0002
0000
0E40
0000
0000
0000
0000
0000
0004
0000
0E48
0000
0003
0000
0E58
0000
0001
0000
0E64
0000
0006
0000
0E68
0000
0001
0000
0E80
0000
0002
0000
0E84
0000
0044
0000
020C
0000
005C
0000
014C
0000
023C
0000
0284
0000
0074
0000
01DC
0000
00A4
0000
01F4
0000
008C
0000
00D4
0000
0134
0000
0224
0000
002C
0000
00EC
0000
0104
0000
0194
0000
00BC
0000
011C
0000
017C
0000
01C4
0000
0254
0000
029C
0000
026C
0000
0164
0000
01AC
0000
7347
6448
0028
0000
0001
0000
0001
0000
0001
0000
0004
0000
0054
0000
0000
0000
0028
0000
002C
0000
0073
0078
0073
006F
0061
0070
0073
002E
0064
006C
006C
0000
0073
0078
0073
006F
0061
002E
0064
006C
006C
0000
3A6B
0B50
C563
40D9
3DB6
D706
0BFB
335D
0174
0000
00AE
0000
0002
0000
4477
85BB
6DC3
4A8D
D684
A086
1AFA
8BAF
00C4
0000
00AE
0000
0002
0000
728F
8FA7
B69B
4EE5
F299
AAE2
1B02
28EF
0224
0000
0078
0000
0005
0000
E6E1
D731
FBA2
448E
ADA5
CC0A
8E6B
10C1
029C
0000
0078
0000
0005
0000
0078
0000
0000
0000
0004
0000
4477
85BB
6DC3
4A8D
D684
A086
1AFA
8BAF
3A6B
0B50
C563
40D9
3DB6
D706
0BFB
335D
4477
85BB
6DC3
4A8D
D684
A086
1AFA
8BAF
98D8
5E05
34A0
4329
BDBD
169D
5C5C
5415
0012
0000
0040
0000
0034
0000
0078
0000
0000
0000
0000
0000
0000
0000
0000
0000
0000
0000
0000
0000
0000
0000
004D
0069
0063
0072
006F
0073
006F
0066
0074
002E
0057
0069
006E
0064
006F
0077
0073
002E
0041
0063
0074
0043
0074
0078
002E
0031
0000
0000
0078
0000
0000
0000
0004
0000
4477
85BB
6DC3
4A8D
D684
A086
1AFA
8BAF
3A6B
0B50
C563
40D9
3DB6
D706
0BFB
335D
4477
85BB
6DC3
4A8D
D684
A086
1AFA
8BAF
98D8
5E05
34A0
4329
BDBD
169D
5C5C
5415
0012
0000
0040
0000
0034
0000
0078
0000
0000
0000
0000
0000
0000
0000
0000
0000
0000
0000
0000
0000
0000
0000
004D
0069
0063
0072
006F
0073
006F
0066
0074
002E
0057
0069
006E
0064
006F
0077
0073
002E
0041
0063
0074
0043
0074
0078
002E
0031
0000
0000
0078
0000
0000
0000
0004
0000
728F
8FA7
B69B
4EE5
F299
AAE2
1B02
28EF
E6E1
D731
FBA2
448E
ADA5
CC0A
8E6B
10C1
728F
8FA7
B69B
4EE5
F299
AAE2
1B02
28EF
C9AA
8143
38F8
4729
35B9
68DF
C623
C616
0016
0000
0028
0000
0000
0000
0000
0000
0000
0000
0000
0000
0000
0000
0000
0000
0000
0000
0000
0000
0000
0000
0078
0000
0000
0000
0004
0000
728F
8FA7
B69B
4EE5
F299
AAE2
1B02
28EF
E6E1
D731
FBA2
448E
ADA5
CC0A
8E6B
10C1
728F
8FA7
B69B
4EE5
F299
AAE2
1B02
28EF
C9AA
8143
38F8
4729
35B9
68DF
C623
C616
0016
0000
0028
0000
0000
0000
0000
0000
0000
0000
0000
0000
0000
0000
0000
0000
0000
0000
0000
0000
0000
0000
7347
6448
0028
0000
0001
0000
0001
0000
0001
0000
0001
0000
0028
0000
0000
0000
0000
0000
0000
0000
728F
8FA7
B69B
4EE5
F299
AAE2
1B02
28EF
0044
0000
0054
0000
0005
0000
0044
0000
0000
0000
728F
8FA7
B69B
4EE5
F299
AAE2
1B02
28EF
0000
0000
C9AA
8143
38F8
4729
35B9
68DF
C623
C616
0000
0000
0000
0000
0000
0000
0000
0000
000E
0000
0044
0000
0049
0041
0063
0074
0043
0074
0078
0000
7347
6448
0028
0000
0001
0000
0001
0000
0001
0000
0002
0000
0054
0000
0000
0000
0028
0000
002C
0000
0073
0078
0073
006F
0061
0070
0073
002E
0074
006C
0062
0000
0073
0078
0073
006F
0061
002E
0064
006C
006C
0000
C9AA
8143
38F8
4729
35B9
68DF
C623
C616
008C
0000
0020
0000
0005
0000
98D8
5E05
34A0
4329
BDBD
169D
5C5C
5415
00AC
0000
0020
0000
0002
0000
0020
0000
0000
0000
0018
0000
0028
0000
0001
0000
0000
0000
0000
0000
0001
0000
0020
0000
0000
0000
0014
0000
0040
0000
0001
0000
0000
0000
0000
0000
0001
0000
7353
6448
002C
0000
0001
0000
0001
0000
0003
0000
0002
0000
003C
0000
0001
0000
0000
0000
002C
0000
0010
0000
3A6B
0B50
C563
40D9
3DB6
D706
0BFB
335D
7F20
9F11
00B0
0000
0030
0000
00E4
0000
000C
0000
0002
0000
FAA3
C031
006C
0000
0034
0000
00A4
0000
000C
0000
0002
0000
004D
0069
0063
0072
006F
0073
006F
0066
0074
002E
0057
0069
006E
0064
006F
0077
0073
002E
0041
0063
0074
0043
0074
0078
002E
0031
0000
0000
000C
0000
0000
0000
002C
0000
004D
0069
0063
0072
006F
0073
006F
0066
0074
002E
0057
0069
006E
0064
006F
0077
0073
002E
0041
0063
0074
0043
0074
0078
0000
0000
000C
0000
0000
0000
002C
0000
7347
6448
0028
0000
0001
0000
0001
0000
0000
0000
0000
0000
0000
0000
0000
0000
0000
0000
0000
0000
0000
0000
0000
0000
0000
0000
0000
0000
0000
0000
0000
0000
0000
0000
0000
0000
0000
0000
0000
0000
0000
0000
0000
0000
0000
0000
0000
0000
0000
0000
0000
0000
0000
0000
0000
0000
0000
0000
0000
0000
0000
0000
0000
0000
0000
0000
0000
0000
0000
0000
0000
0000
0000
0000
0000
0000
0000
0000
0000
0000
0000
0000
0000
0000
0000
0000
0000
0000
0000
0000
0000
0000
0000
0000
0000
0000
0000
0000
0000
0000
0000
0000
0000
0000
0000
0000
0000
0000
0000
0000
0000
0000
0000
0000
0000
0000
0000
0000
0000
0000
0000
0000
0000
0000
0000
0000
0000
0000
0000
0000
0000
0000
0000
0000
0000
0000
0000
0000
0000
0000
0000
0000
0000
0000
0000
0000
0000
0000
0000
0000
0000
0000
0000
0000
0000
0000
0000
0000
0000
0000
0000
0000
0000
0000
0000
0000
0000
0000
0000
0000
0000
0000
0000
0000
0000
0000
0000
0000
0000
0000
0000
0000
0000
0000
0000
0000
0000
0000
0000
0000
0000
0000
0000
0000
0000
0000
0000
0000
0000
0000
0000
0000
0000
0000
0000
0000
0000
0000
0000
0000
0000
0000
0000
0000
0000
0000
0000
0000
0000
0000
0000
0000
0000
0000
0000
0000
0000
0000
0000
0000
0000
0000
0000
0000
0000
0000
0000
0000
0000
0000
0000
0000
0000
0000
0000
0000
0000
0000
0000
0000
0000
0000
0000
0000
0000
0000
0000
0000
0000
0000
0000
0000
0000
0000
0000
0000
0000
0000
0000
0000
0000
0000
0000
0000
0000
0000
0000
0000
0000
0000
0000
0000
0000
0000
0000
0000
0000
0000
0000
0000
0000
0000
0000
0000
0000
0000
0000
0000
0000
0000
0000
0000
0000
0000
0000
0000
0000
0000
0000
0000
0000
0000
0000
0000
0000
0000
0000
0000
0000
0000
0000
0000
0000
0000
0000
0000
0000
0000
0000
0000
0000
0000
0000
0000
0000
0000
0000
0000
0000
0000
0000
0000
0000
0000
0000
0000
0000
0000
0000
0000
0000
0000
0000
0000
0000
0000
0000
0000
0000
0000
0000
0000
0000
0000
0000
0000
0000
0000
0000
0000
0000
0000
0000
0000
0000
0000
0000
0000
0000
0000
0000
0000
0000
0000
0000
0000
0000
0000
0000
0000
0000
0000
0000
0000
0000
0000
0000
0000
0000
0000
0000
0000
0000
0000
0000
0000
0000
0000
0000
0000
0000
0000
0000
0000
0000
0000
0000
0000
0000
0000
0000
0000
0000
0000
0000
0000
0000
0000
0000
0000
0000
0000
0000
0000
0000
0000
0000
0000
0000
0000
0000
0000
0000
0000
0000
0000
0000
0000
0000
0000
0000
0000
0000
0000
0000
0000
0000
0000
0000
0000
0000
0000
0000
0000
0000
0000
0000
0000
0000
0000
0000
0000
0000
0000
0000
0000
0000
0000
0000
0000
0000
0000
0000
0000
0000
0000
0000
0000
0000
0000
0000
0000
0000
0000
0000
0000
0000
0000
0000
0000
0000
0000
0000
0000
0000
0000
0000
0000
0000
0000
0000
0000
0000
0000
0000
0000
0000
0000
0000
0000
0000
0000
0000
0000
0000
0000
0000
0000
0000
0000
0000
0000
0000
0000
0000
0000
0000
0000
0000
0000
0000
0000
0000
0000
0000
0000
0000
0000
0000
0000
0000
0000
0000
0000
0000
0000
0000
0000
0000
0000
0000
0000
0000
0000
0000
0000
0000
0000
0000
0000
0000
0000
0000
0000
0000
0000
0000
0000
0000
0000
0000
0000
0000
0000
0000
0000
0000
0000
0000
0000
0000
0000
0000
0000
0000
0000
0000
0000
0000
0000
0000
0000
0000
0000
0000
0000
0000
0000
0000
0000
0000
0000
0000
0000
0000
0000
0000
0000
0000
0000
0000
0000
0000
0000
0000
0000
0000
0000
0000
0000
0000
0000
0000
0000
0000
0000
0000
0000
0000
0000
0000
0000
0000
0000
0000
0000
0000
0000
0000
0000
0000
0000
0000
0000
0000
0000
0000
0000
0000
0000
0000
0000
0000
0000
0000
0000
0000
0000
0000
0000
0000
0000
0000
0000
0000
0000
0000
0000
0000
0000
0000
0000
0000
0000
0000
0000
0000
0000
0000
0000
0000
0000
0000
0000
0000
0000
0000
0000
0000
0000
0000
0000
0000
0000
0000
0000
0000
0000
0000
0000
0000
0000
0000
0000
0000
0000
0000
0000
0000
0000
0000
0000
0000
0000
0000
0000
0000
0000
0000
0000
0000
0000
0000
0000
0000
0000
0000
0000
0000
0000
0000
0000
0000
0000
0000
0000
0000
0000
0000
0000
0000
0000
0000
0000
0000
0000
0000
0000
0000
0000
0000
0000
0000
0000
0000
0000
0000
0000
0000
0000
0000
0000
0000
0000
0000
0000
0000
0000
0000
0000
0000
0000
0000
0000
0000
0000
0000
0000
0000
0000
0000
0000
0000
0000
0000
0000
0000
0000
0000
0000
0000
0000
0000
0000
0000
0000
0000
0000
0000
0000
0000
0000
0000
0000
0000
0000
0000
0000
0000
0000
0000
0000
0000
0000
0000
0000
0000
0000
0000
0000
0000
0000
0000
0000
0000
0000
0000
0000
0000
0000
0000
0000
0000
0000
0000
0000
0000
0000
0000
0000
0000
0000
0000
0000
0000
0000
0000
0000
0000
0000
0000
0000
0000
0000
0000
0000
0000
0000
0000
0000
0000
0000
0000
0000
0000
0000
0000
0000
0000
0000
0000
0000
0000
0000
0000
0000
0000
0000
0000
0000
0000
0000
0000
0000
0000
0000
0000
0000
0000
0000
0000
0000
0000
0000
0000
0000
0000
0000
0000
0000
0000
0000
0000
0000
0000
0000
0000
0000
0000
0000
0000
0000
0000
0000
0000
0000
0000
0000
0000
0000
0000
0000
0000
0000
0000
0000
0000
0000
0000
0000
0000
0000
0000
0000
0000
0000
0000
0000
0000
0000
0000
0000
0000
0000
0000
0000
0000
0000
0000
0000
0000
0000
0000
0000
0000
0000
0000
0000
0000
0000
0000
0000
0000
0000
0000
0000
0000
0000
0000
0000
0000
0000
0000
0000
0000
0000
0000
0000
0000
0000
0000
0000
0000
0000
0000
0000
0000
0000
0000
0000
0000
0000
0000
0000
0000
0000
0000
0000
0000
0000
0000
0000
0000
0000
0000
0000
0000
0000
0000
0000
0000
0000
0000
0000
0000
0000
0000
0000
0000
0000
0000
0000
0000
0000
0000
0000
0000
0000
0000
0000
0000
0000
0000
0000
0000
0000
0000
0000
0000
0000
0000
0000
0000
0000
0000
0000
0000
0000
0000
0000
0000
0000
0000
0000
0000
0000
0000
0000
0000
0000
0000
0000
0000
0000
0000
0000
0000
0000
0000
0000
0000
0000
0000
0000
0000
0000
0000
0000
0000
0000
0000
0000
0000
0000
0000
0000
0000
0000
0000
0000
0000
0000
0000
0000
0000
0000
0000
0000
0000
0000
0000
0000
0000
0000
0000
0000
0000
0000
0000
0000
0000
0000
0000
0000
0000
0000
0000
0000
0000
0000
0000
0000
0000
0000
0000
0000
0000
0000
0000
0000
0000
0000
0000
0000
0000
0000
0000
0000
0000
0000
0000
0000
0000
0000
0000
0000
0000
0000
0000
0000
0000
0000
0000
0000
0000
0000
0000
0000
0000
0000
0000
0000
0000
0000
0000
0000
0000
0000
0000
0000
0000
0000
0000
0000
0000
0000
0000
0000
0000
0000
0000
0000
0000
0000
0000
0000
0000
0000
0000
0000
0000
0000
0000
0000
0000
0000
0000
0000
0000
0000
0000
0000
0000
0000
0000
0000
0000
0000
0000
0000
0000
0000
0000
0000
0000
0000
0000
0000
0000
0000
0000
0000
0000
0000
0000
0000
0000
0000
0000
0000
0000
0000
0000
0000
0000
0000
0000
0000
0000
0000
0000
0000
0000
0000
0000
0000
0000
0000
0000
0000
0000
0000
0000
0000
0000
0000
0000
0000
0000
0000
0000
0000
0000
0000
0000
0000
0000
0000
0000
0000
0000
0000
0000
0000
0000
0000
0000
0000
0000
0000
0000
0000
0000
0000
0000
0000
0000
0000
0000
0000
0000
0000
0000
0000
0000
0000
0000
0000
0000
0000
0000
0000
0000
0000
0000
0000
0000
0000
0000
0000
0000
0000
0000
0000
0000
0000
0000
0000
0000
0000
0000
0000
0000
0000
0000
0000
0000
0000
0000
0000
0000
0000
0000
0000
0000
0000
0000
0000
0000
0000
0000
0000
0000
0000
0000
0000
0000
0000
0000
0000
0000
0000
0000
0000
0000
0000
0000
0000
0000
0000
0000
0000
0000
0000
0000
0000
0000
0000
0000
0000
0000
0000
0000
0000
0000
0000
0000
0000
0000
0000
0000
0000
0000
0000
0000
0000
0000
0000
0000
0000
0000
0000
0000
0000
0000
0000
0000
0000
0000
0000
0000
0000
0000
0000
0000
0000
0000
0000
0000
0000
0000
0000
0000
0000
0000
0000
0000
0000
0000
0000
0000
0000
0000
0000
0000
0000
0000
0000
0000
0000
0000
0000
0000
0000
0000
0000
0000
0000
0000
0000
0000
0000
0000
0000
0000
0000
0000
0000
0000
0000
0000
0000
0000
0000
0000
0000
0000
0000
0000
0000
0000
0000
0000
0000
0000
0000
0000
0000
0000
0000
0000
0000
0000
0000
0000
0000
0000
0000
0000
0000
0000
0000
0000
0000
0000
0000
0000
0000
0000
0000
0000
0000
0000
0000
0000
0000
0000
0000
0000
0000
0000
0000
0000
0000
0000
0000
0000
0000
0000
0000
0000
0000
0000
0000
0000
0000
0000
0000
0000
0000
0000
0000
0000
0000
0000
0000
0000
0000
0000
0000
0000
0000
0000
0000
0000
0000
0000
0000
0000
0000
0000
0000
0000
0000
0000
0000
0000
0000
0000
0000
0000
0000
0000
0000
0000
0000
0000
0000
0000
0000
0000
0000
0000
0000
0000
0000
0000
0000
0000
0000
0000
0000
0000
0000
0000
0000
0000
0000
0000
0000
0000
0000
0000
0000
0000
0000
0000
0000
0000
0000
0000
0000
0000
0000
0000
0000
0000
0000
0000
0000
0000
0000
0000
0000
0000
0000
0000
0000
0000
0000
0000
0000
0000
0000
0000
0000
0000
0000
0000
0000
0000
0000
0000
0000
0000
0000
0000
0000
0000
0000
0000
0000
0000
0000
0000
0000
0000
0000
0000
0000
0000
0000
0000
0000
0000
0000
0000
0000
0000
0000
0000
0000
0000
0000
0000
0000
0000
0000
0000
0000
0000
0000
0000
0000
0000
0000
0000
0000
0000
0000
0000
0000
0000
0000
0000
0000
0000
0000
0000
0000
0000
0000
0000
0000
0000
0000
0000
0000
0000
0000
0000
0000
0000
0000
0000
0000
0000
0000
0000
0000
0000
0000
0000
0000
0000
0000
0000
0000
0000
0000
0000
0000
0000
0000
0000
0000
0000
0000
0000
0000
0000
0000
0000
0000
0000
0000
0000
0000
0000
0000
0000
0000
0000
0000
0000
0000
0000
0000
0000
0000
0000
0000
0000
0000
0000
0000
0000
0000
0000
0000
0000
0000
0000
0000
0000
0000
0000
0000
0000
0000
0000
0000
0000
0000
0000
0000
0000
0000
0000
0000
0000
0000
0000
0000
0000
0000
0000
0000
0000
0000
0000
0000
0000
0000
0000
0000
0000
0000
0000
0000
0000
0000
0000
0000
0000
0000
0000
0000
0000
0000
0000
0000
0000
0000
0000
0000
0000
0000
0000
0000
0000
0000
0000
0000
0000
0000
0000
0000
0000
0000
0000
0000
0000
0000
0000
0000
0000
0000
0000
0000
0000
0000
0000
0000
0000
0000
0000
0000
0000
0000
0000
0000
0000
0000
0000
0000
0000
0000
0000
0000
0000
0000
0000
0000
0000
0000
0000
0000
0000
0000
0000
0000
0000
0000
0000
0000
0000
0000
0000
0000
0000
0000
0000
0000
0000
0000
0000
0000
0000
0000
0000
0000
0000
0000
0000
0000
0000
0000
0000
0000
0000
0000
0000
0000
0000
0000
0000
0000
0000
0000
0000
0000
0000
0000
0000
0000
0000
0000
0000
0000
0000
0000
0000
0000
0000
0000
0000
0000
0000
0000
0000
0000
0000
0000
0000
0000
0000
0000
0000
0000
0000
0000
0000
0000
0000
0000
0000
0000
0000
0000
0000
0000
0000
0000
0000
0000
0000
0000
0000
0000
0000
0000
0000
0000
0000
0000
0000
0000
0000
0000
0000
0000
0000
0000
0000
0000
0000
0000
0000
0000
0000
0000
0000
0000
0000
0000
0000
0000
0000
0000
0000
0000
0000
0000
0000
0000
0000
0000
0000
0000
0000
0000
0000
0000
0000
0000
